66
389
420
222
103
46
8
416
93
312
324
109
265
17
74
114
139
375
324
43
115
15
486
179
262
245
42
121
137
127
151
455
480
167
196
186
160
246
68
29
266
440
452
386
302
500
136
8
3
19
369
340
373
269
71
1
153
195
246
136
26
299
268
104
8
436
250
35
110
66
93
311
30
88
381
351
286
155
178
401
418
278
418
136
92
42
470
473
129
461
145
394
280
302
347
431
256
192
239
184
353
382
305
332
247
345
384
116
374
209
276
170
101
88
247
327
237
26
335
240
290
75
107
187
211
468
107
401
286
449
46
103
195
30
373
157
188
337
237
386
253
185
451
101
85
193
476
316
121
49
81
400
406
417
260
124
489
117
167
119
124
357
298
258
4
196
324
303
331
377
10
428
70
320
355
379
295
337
148
24
110
31
354
32
264
428
350
157
125
41
294
376
391
451
6
180
480
426
72
318
271
241
495
174
486
113
90
197
239
64
434
15
462
55
123
335
151
447
228
250
99
109
280
330
62
21
331
153
55
265
71
495
261
75
253
438
355
487
139
3
331
157
458
249
288
68
402
400
453
181
455
159
95
498
442
306
352
108
477
36
414
17
107
199
376
419
284
270
34
87
432
354
338
197
256
466
138
204
95
106
381
293
45
344
371
50
246
221
222
128
203
200
152
135
193
325
301
362
324
426
308
194
36
415
448
247
349
188
214
236
462
136
325
119
314
7
253
249
59
135
10
116
468
100
36
231
109
385
249
321
272
468
447
276
463
62
467
157
450
348
205
150
216
130
329
4
376
250
253
334
27
430
196
100
197
460
415
213
56
209
498
439
230
485
387
148
113
132
140
5
291
44
247
344
240
446
196
274
246
360
308
24
69
109
278
94
170
97
239
51
437
284
58
119
183
441
36
271
335
276
97
150
80
419
14
453
433
61
214
321
74
223
150
374
9
222
285
225
39
359
205
160
264
207
456
172
292
150
201
167
113
456
423
420
74
169
425
299
179
88
6
319
11
357
301
261
322
421
407
474
468
193
39
411
190
268
155
98
316
376
144
468
384
55
356
419
286
164
482
467
442
422
8
68
190
74
188
485
12
129
258
51
403
335
385
275
168
161
92
485
161
51
267
76
469
116
104
462
315
211
232
1
481
12
75
456
333
265
383
3
112
348
254
390
458
130
337
78
229
312
343
42
54
125
409
464
143
206
294
133
297
430
353
232
199
253
200
49
491
309
478
281
309
85
126
274
434
472
86
392
390
339
411
249
336
43
284
90
318
406
43
472
483
255
363
226
113
5
373
307
404
112
70
282
195
397
47
74
460
372
190
48
186
135
141
132
386
336
29
444
359
422
148
280
446
69
463
361
443
244
58
427
480
266
384
63
141
75
399
130
260
147
478
270
329
72
262
173
173
352
391
213
20
327
417
55
407
456
490
24
333
327
289
306
411
334
14
13
301
440
148
240
40
242
70
438
486
340
48
331
419
99
28
74
8
423
106
52
189
80
11
437
200
385
402
128
405
262
290
206
232
270
359
285
9
166
30
479
186
397
111
197
407
217
440
119
172
229
493
466
296
190
28
106
197
352
388
87
45
412
270
384
150
356
323
477
19
65
135
372
356
57
313
274
395
83
23
390
313
98
75
242
118
248
319
397
311
99
365
221
277
227
360
59
302
170
321
227
326
408
278
294
473
195
306
379
167
27
254
54
124
450
386
6
254
186
398
234
80
212
185
379
17
13
56
247
470
173
3
143
491
308
491
375
347
81
197
166
205
183
489
190
253
143
445
130
475
284
101
427
439
384
157
314
388
351
310
325
91
241
400
153
385
462
92
88
30
336
337
287
487
462
400
215
493
456
326
410
294
172
297
115
189
435
405
392
77
132
25
9
11
211
53
250
340
219
460
262
346
14
238
163
407
151
24
422
88
206
356
377
173
466
227
350
89
457
337
441
323
219
169
460
363
62
277
364
408
270
436
217
45
314
108
392
326
136
448
150
181
484
429
235
354
13
461
288
79
85
253
210
26
231
24
19
61
215
37
359
255
469
344
29
90
405
20
270
240
247
113
79
367
21
462
414
306
280
489
20
121
391
70
460
479
455
46
58
432
460
464
154
178
269
142
414
62
392
199
454
81
235
243
144
390
179
456
257
313
352
429
17
171
405
175
181
233
381
366
465
462
4
483
469
243
294
193
244
188
392
437
228
139
370
399
85
447
57
199
330
169
63
367
208
269
259
401
433
78
363
398
245
172
153
72
199
56
28
167
180
3
243
133
416
107
162
164
109
136
238
82
355
9
251
314
180
263
457
128
308
153
402
92
257
122
106
148
407
149
132
66
439
129
340
457
405
254
208
443
189
9
149
47
269
268
139
296
498
151
271
15
25
184
64
292
67
33
390
71
449
499
390
367
174
182
86
141
296
226
170
396
477
267
51
160
407
251
333
62
160
50
259
344
140
338
5
237
427
38
402
284
219
168
268
303
496
303
483
391
187
462
369
492
354
70
149
301
314
344
461
426
171
291
416
5
391
217
140
173
384
59
93
62
19
70
114
256
102
318
332
428
72
247
10
191
91
476
337
490
176
336
420
223
238
138
433
93
161
456
428
97
10
306
264
405
61
361
470
285
43
15
67
154
370
383
29
245
149
4
57
331
382
380
257
397
102
131
104
137
68
471
276
128
257
402
496
39
81
458
16
274
109
55
218
439
78
483
68
135
92
320
290
81
205
65
174
213
481
58
337
452
182
306
82
493
440
135
198
53
91
174
135
203
342
500
487
37
49
398
71
118
136
54
169
350
113
123
160
94
148
47
306
116
364
128
394
152
341
336
285
155
249
493
106
53
172
473
458
124
393
261
8
415
313
232
218
417
204
258
241
81
131
285
213
71
232
332
191
37
441
371
481
59
356
451
423
322
180
438
429
466
7
163
223
10
267
348
214
180
262
96
361
421
37
365
192
352
251
275
300
417
275
276
242
489
477
160
232
183
485
107
371
204
229
444
408
83
170
40
179
225
443
269
387
277
1
252
323
436
448
141
428
398
415
3
308
315
187
447
403
248
258
472
10
271
111
123
201
66
268
416
493
19
85
115
238
64
262
378
277
223
253
418
323
32
72
293
381
309
443
117
220
475
356
461
33
434
326
441
407
322
48
480
130
237
141
6
141
412
361
363
91
135
464
16
61
68
333
183
425
33
84
349
194
190
85
222
421
453
195
33
348
449
33
204
24
202
236
304
6
253
468
357
56
344
338
498
455
312
12
127
92
342
447
208
13
232
91
26
409
375
340
227
338
212
197
212
60
460
357
439
436
30
329
13
245
125
305
437
91
127
130
245
275
19
115
289
100
231
366
301
65
446
459
467
277
98
15
92
182
472
155
111
351
35
345
74
149
332
309
407
490
43
27
204
282
34
292
481
313
7
391
291
500
153
234
357
378
495
122
337
136
438
383
122
248
369
266
101
455
499
274
88
393
8
88
214
139
429
297
359
257
91
394
331
198
385
354
337
10
499
115
405
334
242
455
325
76
31
20
310
436
69
194
4
169
249
100
154
13
321
184
201
224
376
240
263
478
228
170
480
179
341
467
411
340
20
131
207
240
128
161
46
475
246
347
380
356
266
233
325
270
42
493
127
267
392
440
458
71
372
472
410
118
448
74
435
487
362
320
89
235
210
443
376
206
471
137
130
316
453
147
323
143
391
118
368
386
200
292
480
332
158
395
357
16
115
417
464
113
124
25
458
397
234
24
305
286
24
59
464
25
338
223
40
41
22
303
155
347
423
141
366
70
239
442
321
363
318
362
452
425
384
389
417
282
148
283
125
290
252
288
124
481
449
415
290
470
451
267
233
123
389
268
30
6
368
140
375
424
140
77
10
490
3
392
267
172
105
277
383
232
420
397
245
240
312
238
60
84
187
448
9
462
409
399
297
355
316
315
88
338
325
72
219
348
329
150
209
204
297
312
473
206
189
194
339
80
63
367
384
367
492
376
311
78
172
343
61
37
410
1
66
340
462
371
67
248
11
354
172
124
418
145
356
163
217
190
402
281
195
373
344
428
268
169
282
469
273
260
63
4
197
459
131
108
290
304
12
17
451
329
268
166
250
305
406
297
388
189
155
38
421
76
197
429
57
153
398
358
359
38
302
202
235
337
116
240
122
428
171
42
369
216
369
58
374
45
379
75
162
2
399
500
173
27
123
139
182
112
104
259
404
314
64
151
4
445
286
349
409
65
132
390
4
283
314
150
7
420
5
374
52
287
500
425
213
114
102
108
1
157
87
171
108
107
77
152
452
157
388
287
414
476
393
45
429
357
233
168
463
479
209
254
228
18
2
470
380
293
415
467
294
221
159
393
421
81
299
125
153
442
320
492
18
151
423
268
5
387
3
96
239
97
454
355
242
70
359
99
458
443
268
357
265
188
283
469
191
433
318
58
100
12
432
465
154
229
353
91
443
122
326
177
229
421
214
411
382
438
296
122
165
350
43
479
183
129
203
249
440
404
388
96
119
105
446
361
356
42
285
429
4
428
435
44
57
445
62
404
148
78
295
349
274
307
175
271
133
181
219
87
260
416
83
247
409
385
4
221
446
281
235
317
323
213
420
475
39
210
394
327
352
368
201
385
354
352
149
205
407
44
75
155
339
336
83
212
205
469
341
313
333
291
192
275
347
494
180
272
272
132
272
79
350
203
462
32
139
120
129
222
4
97
473
385
110
363
75
347
68
81
81
108
447
493
307
297
412
77
6
263
343
443
393
489
388
208
485
330
18
323
207
275
271
148
218
37
23
36
287
240
301
332
160
380
293
418
205
467
439
366
284
437
166
277
182
461
85
78
121
215
158
359
280
10
154
307
481
389
447
379
149
423
489
120
375
425
132
387
429
192
249
299
318
192
445
361
16
239
31
45
280
306
239
41
45
63
89
479
190
55
191
155
66
205
159
157
52
411
285
296
492
71
15
406
291
219
257
342
60
306
16
466
157
315
328
453
134
492
4
490
52
429
154
260
335
123
74
124
349
354
62
37
76
382
330
492
340
3
267
241
245
403
379
42
100
83
372
433
356
323
454
329
183
246
100
229
168
34
148
450
174
210
321
43
339
195
403
449
257
457
61
20
355
177
491
153
91
241
308
175
75
231
382
22
387
282
54
379
352
314
482
212
235
105
145
454
352
112
379
187
325
170
112
288
253
444
351
329
356
495
315
465
212
336
499
128
37
163
332
67
35
195
30
163
211
179
149
414
167
130
288
196
264
292
361
124
220
91
315
337
101
35
177
32
371
134
294
362
95
313
180
81
123
223
389
386
49
57
407
484
1
130
112
225
314
37
433
26
424
91
452
395
370
75
274
32
86
45
166
339
255
16
59
147
322
338
216
73
386
454
13
192
50
491
481
99
436
310
471
485
19
154
13
19
32
9
206
154
200
91
185
448
204
112
35
71
288
83
261
426
102
392
255
195
427
329
499
146
145
463
97
187
361
490
41
478
391
200
27
349
362
197
471
348
19
313
309
500
411
435
39
183
481
53
423
76
227
360
183
258
458
176
2
334
352
208
94
394
417
390
120
187
156
117
206
87
180
141
362
307
224
266
114
276
22
245
240
264
211
388
37
79
475
459
152
100
409
336
97
453
112
232
187
340
352
486
268
353
209
500
231
105
429
421
16
105
349
9
416
74
121
422
249
308
86
283
128
198
62
465
319
244
488
458
367
184
275
495
483
343
441
366
408
386
58
428
282
440
266
337
329
377
120
411
8
138
293
331
89
87
168
19
479
227
184
156
476
33
313
192
16
257
412
104
362
280
257
333
116
453
428
18
328
393
352
110
455
310
168
383
353
290
257
152
467
322
194
187
380
494
39
411
375
427
376
407
190
442
186
151
182
368
137
118
165
110
131
69
250
304
432
318
113
348
5
263
200
126
233
219
482
446
462
321
45
56
445
370
390
68
55
454
21
238
265
73
51
328
255
243
267
141
155
239
273
395
322
149
98
250
217
387
344
150
401
101
247
94
356
172
260
28
282
78
82
349
299
412
335
325
440
238
418
323
91
235
405
356
76
267
185
288
375
78
428
478
490
245
321
231
364
403
422
132
270
452
397
249
20
108
308
155
391
167
99
388
122
254
343
270
436
134
320
404
485
344
463
268
298
486
233
25
253
499
472
14
320
59
362
400
293
49
135
60
481
144
256
94
347
113
388
244
339
345
42
51
232
433
440
305
81
347
211
139
483
312
250
146
156
19
157
455
492
138
411
20
70
396
87
232
278
122
146
24
87
218
56
309
192
457
224
428
162
317
500
224
453
299
244
474
87
291
282
160
50
14
337
418
440
2
357
58
172
340
492
198
66
65
325
349
446
171
307
262
425
154
250
404
391
343
113
182
286
14
226
386
127
402
31
332
360
254
348
348
484
459
154
16
88
88
307
26
309
387
163
70
443
312
17
406
374
193
331
77
198
456
251
276
412
83
452
458
272
152
429
90
446
301
423
346
364
395
300
94
197
7
253
240
232
487
405
304
465
29
467
103
72
102
310
29
40
497
462
150
105
13
249
287
270
452
495
243
94
150
421
46
103
188
131
385
120
300
316
388
482
157
81
477
114
361
86
297
143
462
499
89
215
208
64
392
477
17
426
152
188
338
210
77
217
122
197
77
253
93
342
166
386
323
248
452
276
396
156
217
24
26
387
76
443
34
173
370
350
496
222
230
113
164
355
177
151
454
59
203
217
359
264
481
302
157
209
206
156
84
282
63
448
435
266
454
308
192
1
380
13
290
49
301
358
74
43
347
306
308
25
444
291
291
192
257
155
241
140
347
31
97
323
21
71
236
144
146
318
410
283
81
134
331
72
423
29
393
442
438
355
457
223
384
320
458
320
376
439
297
57
62
18
110
277
96
485
497
80
327
405
177
393
74
257
338
412
95
72
103
296
114
350
104
346
238
217
110
314
170
109
6
336
366
351
134
445
138
387
156
490
218
495
106
286
453
251
191
238
76
111
234
158
447
460
291
13
210
91
99
311
42
93
451
364
1
289
473
219
493
382
497
72
1
190
426
72
494
389
441
472
340
424
384
239
129
330
439
269
474
490
432
63
218
437
183
310
440
150
305
497
283
402
242
369
366
82
96
205
462
56
437
132
146
31
366
386
314
67
6
195
277
286
452
188
110
70
412
27
28
464
394
226
310
255
281
441
178
193
38
313
45
72
79
287
239
419
475
184
81
346
273
159
174
167
131
57
323
194
324
75
244
257
418
60
81
295
14
176
269
38
8
137
416
152
201
148
179
380
387
182
29
150
255
177
381
268
3
299
267
303
26
370
87
458
429
158
462
221
329
219
360
309
81
103
412
476
72
281
282
488
174
248
486
127
237
410
257
420
212
438
410
319
107
458
88
431
433
89
456
500
198
23
100
192
264
22
347
403
27
435
204
185
455
41
354
74
433
277
412
25
190
148
146
363
336
411
450
129
100
381
105
414
400
38
240
306
238
405
445
290
221
13
135
5
161
119
75
48
272
204
433
55
455
141
293
146
475
356
307
378
98
176
20
230
369
6
420
261
218
412
400
452
9
153
124
420
431
162
216
103
313
486
245
183
44
168
215
481
222
121
111
284
44
29
32
2
167
398
94
350
445
422
57
236
451
440
32
303
136
325
190
147
274
282
88
25
55
159
68
428
279
9
149
264
94
316
469
487
85
466
67
361
298
229
225
231
437
246
104
27
17
215
93
426
196
235
127
24
332
479
171
57
42
197
175
203
147
276
61
200
362
427
168
14
33
365
108
89
447
185
167
184
462
494
170
138
229
208
180
444
259
309
4
342
420
261
173
235
176
174
468
79
36
262
44
25
148
39
367
484
429
205
461
428
397
105
407
164
42
160
74
500
194
159
328
177
273
323
247
150
190
94
428
288
416
152
73
294
369
217
300
188
301
297
82
444
305
123
243
430
358
132
128
106
12
498
433
14
484
328
130
428
310
350
44
137
180
30
415
218
267
311
155
276
81
333
60
43
377
236
414
390
116
369
255
251
288
10
9
133
148
439
324
390
485
27
175
127
98
261
173
129
494
1
64
455
145
25
58
381
275
344
417
139
255
60
200
499
94
484
141
29
389
64
361
487
316
144
476
128
381
451
191
355
150
184
98
15
101
13
199
304
30
284
98
144
127
207
386
116
427
318
434
433
302
3
189
203
20
447
42
172
156
372
473
412
268
42
455
410
298
77
9
314
63
187
371
107
30
116
406
320
261
150
257
449
21
224
185
85
8
322
189
376
58
19
224
313
430
238
268
461
453
471
1
169
330
452
56
447
370
19
121
155
220
123
114
322
409
260
293
403
96
331
357
489
459
293
18
8
6
237
39
185
405
387
367
98
89
349
345
414
447
310
391
492
386
262
145
327
377
233
288
430
335
382
137
69
315
302
94
448
16
252
197
247
496
42
307
144
298
245
392
319
364
419
439
158
216
486
241
291
325
4
157
350
471
16
427
273
137
295
274
270
120
316
285
41
74
384
477
139
134
458
29
398
66
301
321
180
101
240
296
226
206
447
117
288
22
320
203
284
92
212
4
113
234
474
264
392
125
436
65
291
140
231
107
293
497
55
40
166
40
251
76
100
224
347
252
468
495
470
430
358
221
371
25
52
264
110
455
384
22
253
488
410
489
337
458
166
386
166
274
303
437
418
216
228
147
425
270
495
209
393
82
495
296
268
166
168
472
386
88
316
412
7
219
247
387
305
490
431
161
373
232
483
36
312
343
288
247
484
396
261
259
58
303
238
284
8
261
229
466
318
496
278
212
203
238
468
88
272
399
114
480
163
136
54
463
316
319
459
371
188
381
476
93
389
176
94
451
361
194
4
314
468
416
358
247
12
103
242
39
460
9
340
396
386
324
195
408
378
116
191
132
457
142
326
227
306
134
81
82
445
68
205
278
269
429
465
495
233
152
467
153
278
240
439
140
499
484
415
426
400
314
95
224
491
21
254
69
389
482
403
331
24
497
49
185
467
16
290
476
381
328
110
202
48
198
187
32
435
11
181
360
241
215
458
365
421
172
369
384
166
54
243
193
445
24
440
409
193
241
377
250
397
128
177
336
361
387
157
16
92
484
168
397
353
100
384
364
81
78
474
369
33
486
191
104
191
165
290
491
160
65
333
47
484
176
308
231
48
54
215
325
457
274
134
237
39
91
64
313
411
183
226
370
285
123
286
160
59
79
454
371
480
275
152
25
69
428
496
355
288
149
118
259
341
276
418
405
336
154
161
404
472
156
414
204
288
48
191
472
469
361
290
258
118
45
173
145
391
489
430
368
331
422
258
103
252
262
71
165
23
218
331
369
106
279
369
126
266
228
491
132
390
458
351
116
451
120
153
178
209
70
467
138
350
131
19
157
387
366
102
82
255
422
360
50
202
458
498
404
212
299
113
314
399
216
196
276
476
126
475
334
143
59
224
386
423
389
260
402
247
187
355
191
321
487
436
89
97
364
432
32
436
466
377
499
359
43
329
178
121
3
477
17
130
220
296
461
129
123
426
281
383
20
9
302
27
212
33
245
103
186
318
59
219
29
162
321
224
211
262
235
196
63
402
202
16
19
104
228
277
171
283
110
260
213
205
426
206
94
434
337
151
30
218
48
112
39
213
41
472
266
201
316
464
177
480
441
262
76
363
94
261
492
281
119
256
149
294
323
348
78
365
308
67
422
145
159
345
74
52
143
156
77
361
368
334
82
127
494
285
235
172
147
33
10
33
106
271
349
214
183
361
428
269
421
474
450
220
355
368
144
36
62
86
1
404
149
182
316
282
80
417
267
241
433
206
74
428
225
477
206
491
423
453
221
189
74
310
25
448
236
15
215
22
26
136
179
2
93
302
276
351
260
492
195
228
346
284
56
365
399
180
337
364
118
142
469
291
239
481
266
134
495
296
364
167
34
172
453
23
302
468
402
291
438
57
240
213
150
10
61
117
352
320
69
34
48
387
368
1
35
137
18
406
3
307
58
351
452
107
410
346
153
138
489
315
491
209
401
288
122
345
267
307
273
81
43
43
375
348
169
272
414
62
481
377
12
276
56
224
236
82
49
298
44
271
116
216
28
58
149
281
326
72
394
29
98
136
441
270
447
268
172
477
482
209
481
425
494
219
435
377
282
272
79
218
253
271
212
323
262
308
257
99
4
17
291
72
425
18
348
60
220
482
352
422
439
342
350
99
93
239
245
140
397
316
330
145
429
63
231
80
20
475
247
191
97
408
153
288
43
110
230
473
313
53
99
489
144
311
442
154
209
432
286
7
396
368
304
129
206
283
471
249
370
220
464
154
392
349
362
72
103
262
40
160
184
22
98
403
313
453
270
203
207
434
12
178
331
285
339
170
438
105
500
239
376
311
277
441
290
421
449
475
392
34
449
362
428
303
317
119
328
112
265
2
248
80
57
238
333
424
403
284
69
180
220
59
477
208
406
211
202
410
189
437
252
66
203
38
206
181
136
344
187
294
170
357
248
195
388
447
86
79
13
186
117
212
47
397
493
277
364
298
69
161
312
147
113
68
101
115
298
452
89
175
63
434
43
152
459
10
85
169
430
31
281
106
288
152
226
324
251
126
43
304
4
51
347
30
152
438
107
360
273
176
237
362
2
302
403
10
175
202
241
415
78
231
76
226
219
19
260
121
344
64
403
318
69
95
85
351
81
6
73
386
297
66
163
207
236
19
486
75
71
54
491
18
468
106
324
244
336
344
469
234
5
189
303
262
163
171
168
459
57
401
101
273
56
493
98
71
128
214
136
412
151
251
166
429
233
485
425
61
346
244
177
354
117
103
449
357
44
371
310
139
217
44
23
320
308
117
162
23
237
291
315
49
341
289
70
140
305
158
291
93
351
116
22
118
337
239
469
221
478
481
130
100
338
265
3
422
58
152
241
100
9
333
241
123
186
19
382
228
131
57
23
213
87
458
384
437
356
334
111
87
2
81
123
84
127
45
273
68
361
242
477
204
96
124
150
172
191
307
184
35
25
55
198
309
285
315
450
455
273
6
72
145
325
273
248
104
124
387
486
469
248
473
396
112
298
296
184
34
274
327
114
458
141
405
291
476
161
349
396
120
103
471
442
15
346
33
143
297
245
303
200
305
276
9
152
121
127
108
402
381
350
476
147
374
70
287
216
324
33
36
196
393
405
378
283
337
299
185
467
417
439
438
478
104
205
344
398
313
2
337
418
378
38
410
491
189
66
494
496
423
56
485
56
76
38
268
326
495
20
10
362
440
474
309
126
241
301
189
283
447
65
312
163
463
494
210
122
7
389
234
56
361
86
387
473
264
36
164
299
457
349
464
49
299
348
172
43
63
259
480
73
473
121
54
273
252
368
176
432
430
283
60
143
432
170
83
421
423
118
282
373
246
142
39
37
245
323
17
207
141
257
13
400
177
210
54
98
73
387
233
9
481
71
428
366
450
161
260
157
97
315
363
239
35
424
233
467
332
92
186
277
145
130
197
131
442
290
172
344
124
63
479
39
147
381
375
367
191
452
273
156
233
222
141
306
366
151
157
78
26
53
112
327
341
174
444
365
142
65
161
332
251
23
344
334
56
492
324
114
447
347
90
171
137
380
425
30
492
112
259
295
441
233
191
199
223
69
171
55
159
416
314
385
358
469
381
485
272
307
16
320
222
43
364
419
52
283
312
356
348
443
176
443
197
312
271
486
259
434
440
256
22
478
239
344
436
262
182
141
220
452
63
484
43
248
126
385
360
2
21
301
147
279
213
94
408
293
274
137
266
500
208
494
176
324
261
200
222
124
416
409
229
499
128
64
394
416
110
259
413
441
360
147
97
16
445
24
288
280
432
190
414
412
220
264
368
284
439
359
479
476
494
385
206
315
235
265
285
115
194
497
485
219
305
272
243
212
443
310
389
394
164
125
348
158
7
151
168
391
221
29
407
394
359
303
438
33
191
462
436
14
475
1
353
171
219
93
443
105
124
41
458
306
59
345
441
115
29
78
109
442
217
233
167
188
400
317
6
153
148
241
91
496
462
430
496
482
183
145
455
258
232
160
426
400
1
287
169
232
426
176
451
194
95
444
44
116
491
402
340
261
282
68
455
398
399
137
429
434
458
282
160
329
440
430
14
54
407
145
108
324
405
281
75
178
107
348
227
211
157
381
386
384
95
83
261
372
208
223
153
293
74
495
406
466
71
23
469
56
97
233
67
5
248
54
497
145
239
235
216
240
361
79
407
453
347
18
453
379
63
222
233
309
41
371
478
327
460
236
424
136
287
463
329
233
444
233
10
126
482
3
352
288
424
100
404
413
114
239
1
298
83
415
6
348
182
160
189
226
419
332
383
129
204
448
36
494
448
499
449
133
233
305
476
465
58
231
163
435
462
418
339
165
155
258
406
142
99
477
102
400
352
3
332
260
334
241
181
93
65
472
86
468
319
302
210
238
33
468
425
273
258
323
429
42
379
444
417
174
256
130
375
410
471
463
472
52
281
181
240
91
457
340
139
168
146
57
363
387
469
172
191
232
98
239
448
498
137
87
156
178
193
65
226
153
155
162
79
366
270
383
419
348
277
95
420
72
470
45
464
90
247
343
135
267
361
10
99
229
292
31
71
272
359
443
32
15
423
127
489
58
256
337
30
204
427
416
99
15
300
288
416
131
51
24
158
207
391
206
54
296
8
284
274
210
78
339
46
134
39
426
210
268
172
143
492
278
441
155
93
140
420
120
283
228
32
332
58
105
301
420
12
482
192
75
492
260
131
69
242
300
237
260
154
327
294
366
458
396
497
466
83
342
38
75
191
497
96
105
326
205
404
185
389
293
71
44
147
212
471
135
282
473
76
178
499
296
235
17
62
142
43
48
157
338
59
395
362
30
320
187
71
48
267
15
131
58
383
42
60
7
57
305
114
429
410
415
170
123
62
159
295
30
62
17
76
355
487
170
274
102
491
324
65
189
393
79
153
181
200
74
276
487
317
309
187
27
1
361
456
433
40
135
11
314
452
405
161
447
445
103
436
7
272
195
419
48
24
488
400
493
373
353
24
280
232
165
301
110
236
149
238
435
497
430
45
404
34
277
315
440
327
390
301
14
490
67
376
383
73
217
37
249
104
485
289
300
51
129
68
18
483
371
350
460
319
147
467
426
187
482
159
497
70
240
294
449
51
66
235
387
179
149
258
239
138
280
22
381
124
269
15
238
71
418
69
120
67
115
458
393
108
24
302
308
53
5
471
401
478
89
400
413
386
241
231
25
90
182
461
26
368
165
297
173
386
446
219
94
220
119
311
10
189
54
228
409
124
449
298
58
78
324
49
319
449
322
154
308
386
333
93
289
346
234
44
34
102
465
409
40
40
256
52
95
32
497
318
127
244
131
60
163
232
408
435
446
263
4
447
415
336
253
225
283
486
180
330
365
35
57
390
129
71
419
198
135
79
298
486
139
264
416
394
96
306
200
307
211
420
232
63
413
327
151
193
302
413
67
266
185
112
211
43
206
249
397
124
462
369
290
445
171
324
118
441
81
194
190
456
334
390
451
427
346
148
360
189
81
413
20
222
256
484
297
489
76
150
113
71
52
425
193
102
312
377
257
133
20
481
21
388
183
322
397
1
103
433
393
214
174
15
52
166
485
243
146
320
415
357
472
266
451
261
236
72
456
335
446
96
450
232
146
124
249
477
19
467
403
232
132
155
457
210
7
139
436
281
275
463
306
448
349
175
330
13
403
318
369
346
408
183
126
409
101
117
246
285
18
44
411
209
130
494
258
280
143
348
478
263
220
163
396
122
192
380
157
199
304
419
382
193
109
132
227
407
415
306
330
20
21
424
474
458
53
129
114
262
326
381
60
232
5
93
187
434
254
77
1
105
173
461
206
316
22
345
190
221
130
282
449
112
369
338
489
454
232
336
147
37
356
57
96
333
231
89
444
166
445
199
457
288
486
51
374
463
11
298
165
236
461
90
318
69
40
239
387
123
354
341
69
38
418
390
495
168
294
8
230
321
320
175
197
212
214
459
311
461
350
70
103
140
69
148
14
41
189
120
251
32
263
26
313
87
155
189
299
271
222
218
67
237
177
295
149
7
188
388
21
118
353
1
457
464
463
299
201
492
320
448
53
219
403
258
287
358
369
271
457
211
139
203
222
332
297
220
294
352
100
358
409
246
140
473
20
246
34
477
478
12
73
230
15
131
369
342
251
462
346
310
218
318
362
298
120
474
289
100
95
483
122
228
218
309
24
319
377
322
201
9
351
241
152
198
104
199
96
101
324
160
304
304
152
38
110
52
375
468
82
329
48
324
155
335
101
197
23
350
494
239
193
37
334
430
360
128
140
34
168
77
113
198
469
169
294
405
347
211
454
178
23
418
359
250
196
258
307
127
496
19
420
297
451
64
169
118
271
267
38
243
248
362
467
268
273
461
417
148
247
328
460
268
113
499
242
466
342
215
4
163
406
194
121
210
155
124
174
436
25
409
170
381
143
49
356
95
183
217
421
415
283
496
47
71
358
444
349
18
404
73
217
370
207
72
439
398
375
87
219
41
243
74
355
19
482
315
376
151
146
424
360
127
445
213
451
81
254
125
320
425
158
490
394
84
359
208
176
401
355
73
324
167
72
322
472
439
31
120
379
485
164
118
83
453
79
360
154
67
394
279
458
437
217
185
103
312
460
169
295
419
410
5
378
309
354
196
200
455
122
37
224
193
498
96
3
414
351
318
165
325
192
15
32
421
23
327
343
255
12
323
258
475
454
277
491
24
421
279
379
362
215
209
162
497
489
269
497
109
339
197
438
35
249
441
204
364
473
50
490
461
307
236
485
207
158
55
466
367
7
387
3
2
81
420
336
460
8
121
419
67
248
198
402
259
323
407
75
14
166
93
361
93
439
212
430
279
223
198
398
439
299
377
329
462
112
309
412
322
31
313
252
224
251
99
121
62
445
388
369
129
271
70
410
333
442
448
295
426
282
306
396
74
104
89
120
397
254
189
333
461
340
396
374
26
452
365
85
246
143
480
229
368
25
361
40
402
52
310
357
112
434
390
430
138
136
409
6
471
67
5
197
480
347
157
454
156
479
379
116
226
301
28
144
297
356
122
47
212
94
248
430
324
390
172
308
465
443
453
474
432
407
414
267
418
43
89
470
384
197
306
405
17
141
375
2
19
128
433
188
138
492
322
447
486
255
7
269
407
446
384
481
307
240
485
93
86
72
484
358
46
50
77
172
354
325
238
265
438
14
61
372
418
411
361
164
497
429
428
212
19
108
348
194
220
69
30
270
30
433
154
281
146
28
499
454
437
189
208
269
137
490
352
477
175
17
244
495
397
136
323
39
361
227
38
352
342
500
58
319
114
303
273
20
82
251
486
13
293
99
377
155
390
460
247
290
71
361
309
472
156
75
226
131
427
356
382
258
458
422
351
187
237
489
347
499
500
193
426
374
274
430
86
414
294
1
421
78
73
395
380
321
88
201
247
445
205
345
354
387
165
315
171
380
163
499
309
427
267
14
159
481
172
175
302
68
27
232
52
275
360
111
428
177
392
123
111
238
352
11
415
131
193
189
85
218
488
244
239
70
79
32
91
490
462
173
121
468
230
317
212
303
339
296
352
411
316
139
337
413
2
430
74
159
349
139
421
211
222
363
206
144
183
309
429
173
170
466
387
223
21
79
381
12
303
426
383
89
443
381
33
497
197
355
76
407
90
31
348
64
5
171
238
337
231
368
36
457
365
280
449
251
118
251
89
248
197
177
120
56
113
97
319
233
440
261
216
192
216
308
75
311
438
237
416
453
257
34
424
85
280
131
34
452
110
349
184
43
20
58
182
143
456
54
370
307
374
14
277
451
195
430
184
61
51
80
96
181
278
397
355
397
47
57
245
13
329
164
220
432
350
179
495
497
60
65
97
196
92
162
91
102
105
427
82
388
381
494
248
493
25
406
82
248
75
471
191
334
365
386
476
398
490
133
195
43
258
141
436
138
64
355
230
37
204
86
78
325
192
1
431
160
289
80
207
39
34
146
235
76
198
353
93
435
248
12
159
61
44
272
276
237
191
388
317
232
131
261
89
500
305
423
382
400
402
352
167
377
476
318
368
341
453
417
346
243
326
45
166
400
115
324
1
176
488
371
463
489
223
305
470
388
65
82
241
149
339
32
340
362
80
417
214
471
290
446
30
44
353
353
175
305
30
73
170
76
386
19
334
298
460
128
461
193
422
126
388
452
444
398
285
1
14
425
152
476
404
442
479
21
31
346
233
376
5
354
306
460
167
75
335
325
39
387
274
346
145
476
419
485
281
413
98
236
434
355
65
81
165
290
207
389
407
227
6
152
322
342
324
358
13
350
423
28
68
287
290
142
160
404
236
203
113
62
399
113
97
357
221
411
374
126
170
85
272
136
437
319
377
450
77
25
193
391
49
393
384
22
391
491
7
230
268
103
4
321
440
60
106
451
268
282
145
339
165
86
190
406
29
40
333
361
26
292
360
279
216
301
6
329
415
296
432
150
316
127
45
243
344
303
277
381
363
134
416
188
337
348
141
455
246
412
421
181
42
40
491
42
172
14
199
176
228
459
93
180
19
178
207
179
458
402
131
96
420
81
78
51
328
376
296
295
52
52
346
214
323
295
432
201
218
290
172
69
436
11
402
238
453
262
317
112
345
407
13
358
489
85
240
295
39
417
421
171
63
303
333
364
446
454
87
441
150
122
401
485
209
365
481
338
344
266
159
128
388
146
335
470
251
261
104
274
20
270
392
323
331
66
284
170
38
129
216
398
318
101
71
435
232
198
251
417
421
344
206
2
30
138
440
134
149
298
482
450
490
236
352
374
247
257
77
450
70
128
371
84
319
407
149
144
292
449
144
285
375
444
466
416
129
125
100
431
136
17
422
138
476
181
482
338
80
390
472
83
284
45
447
427
306
416
81
361
473
457
438
197
460
451
462
300
447
235
131
428
50
40
470
381
79
228
399
263
125
287
157
414
239
486
366
439
427
450
110
296
490
211
221
58
213
454
336
292
256
265
133
407
114
99
53
443
363
75
181
490
493
405
406
277
481
419
376
13
389
130
222
174
138
226
474
242
292
145
71
336
79
97
365
224
66
455
486
435
378
434
14
40
10
300
375
151
345
146
490
338
145
371
221
425
377
55
282
46
452
337
347
392
40
227
228
287
404
455
108
56
292
102
471
128
256
204
14
437
371
400
32
441
207
494
419
488
29
412
177
261
135
110
18
276
360
430
392
163
262
202
36
469
164
152
403
299
215
236
105
360
359
68
324
363
84
464
460
248
112
430
92
376
190
80
212
131
459
44
32
310
416
364
53
295
333
245
472
189
64
233
427
500
35
41
489
443
347
255
267
93
290
38
450
399
219
295
57
10
192
382
199
432
401
95
112
237
433
81
293
416
71
209
50
440
349
189
378
244
313
338
108
101
451
468
376
308
45
253
39
97
214
266
311
459
271
87
473
323
36
455
210
87
136
435
242
48
404
451
131
90
361
296
299
346
417
383
34
125
304
50
473
44
458
187
274
154
466
247
460
282
415
459
195
440
439
148
16
378
493
67
354
242
370
62
16
334
263
129
86
118
168
150
107
438
249
95
219
346
317
498
342
37
440
293
374
104
230
384
287
197
280
423
423
185
279
280
249
62
279
120
283
125
190
275
350
390
37
305
375
282
171
207
344
329
89
207
172
486
229
436
170
139
94
23
415
47
280
300
369
199
44
336
169
500
267
431
123
253
261
33
58
109
141
232
281
462
93
71
91
283
162
433
387
484
350
86
165
148
126
286
322
402
132
458
425
192
241
51
336
458
326
61
291
484
482
102
314
174
199
65
104
122
414
53
311
58
100
275
446
163
73
456
454
242
437
119
327
444
114
262
490
484
220
16
46
299
88
319
334
136
65
494
184
316
316
349
129
264
201
39
271
415
439
451
454
269
132
285
330
117
393
287
407
445
246
287
112
40
125
280
469
72
272
235
452
260
46
214
134
231
116
88
327
300
296
313
425
192
243
257
287
138
62
456
75
306
383
58
85
269
274
331
222
5
468
298
445
436
164
456
133
97
335
492
25
321
280
112
80
193
355
303
275
79
174
360
134
226
267
465
491
228
111
445
224
132
130
23
25
52
269
12
494
405
421
405
189
266
30
173
66
354
439
414
65
351
67
113
472
18
308
389
24
70
104
19
120
314
463
392
394
306
281
276
307
138
185
410
351
493
251
447
403
225
309
176
206
35
216
252
452
244
417
361
414
216
242
304
75
206
408
477
248
272
343
58
174
367
482
495
189
357
405
498
61
498
194
284
233
326
195
258
268
431
372
100
423
336
285
454
412
494
287
499
48
412
358
167
124
31
133
150
77
244
16
114
153
326
451
164
9
112
276
196
418
405
299
173
460
454
136
204
366
277
68
29
422
214
147
119
151
338
472
91
269
247
117
50
257
250
383
230
183
172
145
489
309
263
286
280
323
179
345
168
466
56
259
296
186
452
223
467
380
296
22
105
202
457
307
390
359
261
203
265
275
499
247
311
483
461
111
167
71
62
233
272
51
356
417
137
495
78
206
263
357
361
285
29
426
380
443
35
428
482
104
424
392
252
257
109
467
28
110
158
10
77
145
295
393
478
299
55
115
228
349
135
463
220
173
342
160
483
448
317
109
482
468
362
61
332
174
246
255
407
156
320
317
224
320
57
465
364
120
421
324
364
200
498
451
192
50
391
472
359
256
239
45
205
193
489
191
77
37
273
403
423
270
243
278
264
398
211
317
100
448
282
435
34
378
385
116
252
404
242
86
24
367
337
321
29
144
352
160
91
273
322
265
370
358
457
159
73
40
172
86
31
218
309
443
260
483
409
80
191
147
146
307
336
41
171
37
455
238
138
26
193
164
127
335
225
71
464
197
124
182
173
135
13
375
361
304
50
128
337
207
387
38
144
83
33
109
436
4
411
140
300
365
488
442
168
233
496
284
398
218
90
409
433
302
281
140
176
328
34
96
305
145
214
226
286
180
407
411
203
62
188
98
315
229
73
9
444
302
177
215
313
380
79
456
465
290
447
400
191
207
228
117
147
490
63
427
483
488
94
359
283
28
2
393
66
236
356
281
365
335
346
152
92
39
487
334
499
173
123
223
481
161
423
283
355
72
500
218
474
454
496
123
212
267
171
419
339
278
9
154
272
429
379
316
483
245
479
78
33
31
166
5
329
216
190
73
157
373
45
462
432
134
321
449
372
386
431
383
458
363
42
104
86
463
285
349
261
356
100
126
13
204
47
227
414
98
27
11
230
68
67
353
179
375
253
92
220
56
367
142
38
67
2
402
71
196
180
417
12
283
497
318
128
182
354
353
130
260
111
451
28
184
322
90
40
119
245
380
161
459
473
148
363
133
298
458
236
498
370
450
42
358
282
19
243
104
407
345
30
32
196
479
243
396
97
174
316
334
437
407
32
357
333
30
395
170
150
294
352
200
70
1
418
324
12
374
446
403
10
302
388
391
114
449
385
435
494
331
377
69
203
336
215
287
436
299
395
498
168
135
95
72
243
229
124
456
291
180
224
55
318
228
395
363
422
138
491
135
330
57
392
135
314
348
380
386
104
174
187
105
43
129
320
423
67
12
347
302
7
388
269
464
336
420
474
46
158
26
457
89
164
293
172
408
235
198
344
330
56
38
30
235
383
191
454
332
21
177
389
48
182
230
398
474
41
491
223
258
231
205
496
447
453
221
143
262
42
403
63
412
89
14
127
102
151
473
16
495
109
367
205
18
457
464
107
500
128
2
481
315
432
410
218
325
327
187
451
120
466
59
245
233
387
171
250
219
249
458
260
209
188
18
58
283
196
256
250
284
380
236
20
422
72
178
342
345
494
247
175
139
63
277
87
25
457
353
500
369
213
180
452
464
446
475
308
411
218
178
335
285
167
84
362
206
243
125
24
302
263
341
183
13
4
244
141
96
187
128
181
182
39
65
255
181
483
224
324
328
153
331
456
177
67
64
221
358
206
356
319
454
206
92
103
403
496
415
304
400
32
372
310
355
132
404
258
57
31
250
16
318
420
99
338
493
110
460
70
411
406
496
260
430
426
221
419
490
326
322
426
235
317
470
238
482
382
447
115
42
292
27
498
135
339
24
19
377
155
91
332
138
102
347
65
280
465
106
196
162
26
15
56
62
179
147
415
18
362
119
319
447
406
125
373
246
356
303
148
468
380
199
200
73
138
170
473
129
333
441
429
311
171
123
300
451
122
416
260
366
155
367
93
164
40
443
146
202
402
419
411
410
409
465
73
166
322
91
200
475
157
46
13
268
293
42
313
153
200
164
172
89
301
128
416
21
100
73
255
129
373
387
86
485
55
155
130
49
445
133
21
98
460
281
346
358
429
251
413
294
330
349
154
242
374
426
161
262
78
280
235
345
237
132
214
368
196
380
15
442
414
371
475
103
66
96
47
78
286
245
316
197
221
334
74
339
180
85
369
143
12
118
3
102
263
487
404
16
264
491
160
175
16
220
205
82
126
202
308
403
35
104
5
328
437
336
37
436
82
82
145
164
78
157
267
458
380
322
258
172
376
92
222
334
303
332
407
404
271
374
364
219
230
174
215
366
81
9
395
343
453
8
175
420
306
352
66
264
155
291
423
500
71
186
154
37
109
136
418
133
389
364
94
373
354
387
47
400
101
145
373
463
244
166
371
75
421
18
424
283
399
211
267
342
191
435
393
333
182
491
421
62
31
457
243
358
481
193
210
246
227
500
325
249
190
292
147
469
304
451
143
438
401
58
177
104
370
57
180
229
447
469
278
381
435
137
270
115
76
128
381
399
30
255
114
292
133
396
304
340
87
151
207
173
282
97
492
260
159
338
1
331
399
260
490
467
179
391
319
464
410
497
195
100
103
87
115
37
468
231
59
181
368
190
322
447
473
129
48
491
273
273
151
126
105
206
275
295
465
122
323
160
106
193
360
31
375
378
345
111
223
391
186
212
48
197
76
356
328
371
359
437
461
336
433
376
352
457
279
484
12
207
220
73
303
128
394
137
39
41
216
293
256
28
286
487
300
461
223
370
348
450
414
86
3
368
465
144
402
251
407
454
91
162
308
493
453
302
489
74
118
472
419
92
80
193
183
118
158
174
95
206
42
33
106
277
333
93
133
444
380
322
282
219
177
441
213
58
241
488
3
277
144
134
421
468
312
312
442
125
229
285
136
315
403
78
284
338
284
260
146
10
290
434
324
305
225
359
488
314
123
47
68
154
468
256
102
158
251
274
17
421
40
487
65
4
18
205
424
342
459
410
240
202
149
33
462
282
72
142
338
391
500
361
334
414
194
161
3
146
73
155
20
404
498
328
161
177
300
204
440
491
229
264
485
23
248
35
464
436
467
94
467
309
7
403
329
3
242
224
210
247
158
59
115
192
483
444
172
204
339
151
98
122
357
245
233
274
45
224
395
53
224
396
53
408
435
419
450
184
26
448
356
313
41
87
38
470
61
421
352
412
386
166
79
345
236
111
180
324
170
294
200
338
499
33
343
407
273
247
78
227
267
166
253
78
483
436
243
471
327
275
123
203
458
287
146
296
273
228
64
9
67
496
410
450
191
335
376
78
375
248
312
231
425
374
140
115
177
112
173
73
369
69
356
297
72
466
452
25
373
458
477
159
254
428
476
170
474
154
336
56
257
375
337
73
261
179
73
420
64
277
151
31
357
143
288
100
96
201
463
500
71
176
308
242
213
436
227
191
445
157
21
266
11
356
413
472
18
383
417
130
292
220
406
328
262
474
52
197
233
282
8
244
271
410
310
145
398
149
449
28
406
253
440
481
353
11
484
193
231
184
486
352
283
449
213
150
193
163
341
467
128
169
458
91
123
110
294
64
376
133
99
63
264
138
40
499
288
190
422
361
161
3
291
132
437
410
163
489
362
43
194
330
95
489
27
70
16
33
443
37
86
176
130
206
62
467
53
452
404
332
390
411
356
441
422
33
456
333
63
370
178
416
402
111
476
166
197
414
200
267
254
85
229
191
453
187
127
151
467
233
293
156
328
156
333
356
53
355
293
198
452
205
459
411
50
35
123
169
270
192
37
367
108
491
279
251
22
467
352
283
127
52
91
474
67
486
387
66
67
464
227
335
244
268
274
467
173
343
500
387
44
68
364
122
459
199
121
245
33
281
98
179
455
117
150
128
72
186
25
179
318
260
62
137
5
295
406
449
45
35
417
131
114
185
498
446
151
334
309
159
265
303
221
59
302
438
328
55
301
382
28
46
2
259
453
409
341
216
445
377
84
240
386
258
299
170
353
395
361
354
461
481
34
430
224
334
418
258
408
471
197
114
131
339
168
303
356
332
422
4
5
288
397
205
100
424
192
274
190
309
165
324
265
237
275
204
36
37
51
110
146
188
298
29
335
254
343
403
101
65
126
153
57
221
431
415
40
457
340
122
482
76
232
313
118
145
250
346
417
366
170
491
432
49
481
204
339
344
290
194
93
455
307
278
402
326
263
334
207
356
38
103
418
23
137
420
388
396
382
424
482
359
316
176
89
495
322
